999=size
701
368
4
196
861
931
167
459
153
585
831
722
890
198
992
572
525
712
616
910
164
711
279
407
457
515
419
171
394
903
448
468
883
139
862
239
189
198
391
129
285
570
893
390
312
93
303
816
145
590
667
460
858
211
732
146
654
596
84
394
798
518
921
696
23
493
4
80
767
131
651
50
328
852
948
11
804
194
309
818
172
283
236
52
667
553
544
570
638
379
968
78
529
287
926
495
462
126
281
152
715
211
354
491
914
8
824
919
811
851
126
432
470
879
106
35
179
251
104
240
165
760
913
630
411
412
887
141
476
954
626
690
141
807
501
104
372
335
322
138
864
743
156
812
254
952
404
889
516
36
738
692
891
578
534
325
297
693
73
604
729
196
814
724
890
464
331
710
863
770
534
130
607
836
513
191
130
987
236
811
40
908
453
108
541
621
246
86
800
660
472
797
792
457
169
526
389
352
898
168
723
252
696
209
759
731
488
895
99
321
666
899
138
441
597
404
958
76
977
799
887
356
379
505
627
721
381
354
685
680
293
939
405
402
879
590
950
607
985
582
334
360
206
855
349
904
827
482
121
903
430
303
333
109
502
27
296
479
881
341
734
410
192
290
352
841
834
165
681
48
670
546
614
244
494
87
939
902
122
515
392
798
6
818
888
138
389
343
20
214
429
740
91
750
657
487
531
448
932
695
95
326
73
241
629
989
111
945
374
300
835
481
562
261
304
702
999
669
12
328
38
312
480
996
430
237
573
17
140
537
213
600
589
65
503
141
183
672
313
290
158
555
215
574
104
697
87
420
442
949
761
426
307
939
172
521
517
617
931
438
713
904
244
220
969
746
552
119
53
549
85
242
665
461
713
1
843
653
965
83
212
52
256
537
335
787
70
573
125
847
958
593
526
826
988
83
59
746
704
358
826
168
274
810
475
794
516
681
736
29
38
572
814
247
100
975
391
671
767
973
829
726
344
630
182
139
433
704
326
360
776
106
228
448
367
261
966
764
633
998
187
416
178
651
152
160
786
393
598
962
693
819
513
309
105
990
754
715
537
852
619
692
838
994
582
2
861
838
127
448
532
568
8
261
71
972
177
348
716
836
669
473
617
360
460
248
917
947
807
572
365
930
876
387
582
851
251
906
584
731
150
927
201
151
560
102
523
680
261
563
16
105
370
770
287
717
936
284
775
60
623
317
974
385
402
871
910
974
621
417
983
367
306
680
192
764
543
641
962
104
343
822
368
105
102
173
859
767
737
775
605
858
357
673
34
339
710
750
218
456
800
949
239
270
433
461
581
962
785
883
17
907
6
417
324
663
432
98
786
300
20
121
42
970
336
858
424
679
30
77
430
846
86
195
568
425
777
850
268
459
136
458
161
644
12
585
461
146
890
510
883
557
582
674
294
233
85
295
604
988
18
342
342
675
763
227
288
743
12
676
837
655
493
988
301
853
993
229
959
542
516
740
223
271
182
291
140
82
28
558
273
242
650
814
359
719
520
447
815
577
272
40
784
1
946
308
234
289
155
155
291
485
903
135
294
604
557
527
413
423
242
27
979
477
862
562
30
983
244
61
650
342
513
975
396
789
211
3
325
490
507
555
369
611
79
714
22
363
384
235
964
151
862
249
824
271
612
987
747
263
646
668
47
247
863
129
425
559
828
673
223
849
908
648
789
16
417
378
342
660
475
349
643
401
312
932
343
491
893
435
374
445
724
424
136
225
766
151
726
226
400
107
341
146
982
281
949
399
459
803
921
751
679
416
874
695
300
828
295
607
422
747
881
889
593
323
104
354
466
163
213
117
623
712
371
405
782
912
455
916
604
541
875
903
941
730
624
490
346
996
265
845
543
872
553
638
692
538
918
570
764
29
996
824
139
565
721
290
180
251
907
403
915
431
608
62
493
749
699
422
624
343
470
510
781
679
940
891
778
667
79
689
568
876
939
746
27
441
127
323
638
840
73
199
2
402
180
266
591
420
556
383
832
515
701
244
497
498
885
509
336
29
665
647
566
207
785
922
18
277
918
104
272
48
650
18
911
796
839
945
186
101
135
727
755
503
920
561
778
334
15
155
278
513
458
941
553
1
786
495
100
881
911
977
37
424
824
927
895
366
295
491
577
431
721
848
529
153
848
787
440
685
43
946
250
992
285
744
66
583
952
682
792
948
219
70
139
367
775
229
229
510
284
677
316
249
747
211
624
492
117
876
744
504
306
217
703
451
778
742
640
499
596
344
964
690
661
366
950
976
77
533
747
100
969
695
676
841
834