2000=size
860
751
943
864
124
120
40
815
971
370
190
761
175
470
603
53
419
643
694
576
247
176
750
688
41
391
350
495
440
898
7
778
796
70
580
299
568
281
39
415
411
321
571
520
780
763
964
456
397
518
808
924
278
375
139
35
18
269
4
914
386
905
368
290
228
46
128
863
804
216
835
602
916
596
698
946
663
811
347
132
624
867
135
12
479
87
263
576
680
240
49
717
545
265
197
177
798
432
609
369
479
663
745
456
284
615
279
706
288
364
880
525
3
717
104
13
25
832
715
124
77
756
883
829
835
462
489
45
161
548
376
648
408
773
506
425
990
212
914
871
594
577
768
362
723
91
718
734
468
358
312
553
111
640
719
932
164
332
247
203
820
212
72
507
225
306
662
343
790
558
105
292
4
180
858
446
239
602
400
102
791
769
252
323
271
446
190
41
812
248
755
17
872
513
732
46
871
263
211
415
883
405
251
665
586
841
783
129
893
210
191
757
688
498
55
384
459
37
538
64
778
291
723
245
873
958
83
175
109
358
46
252
580
114
81
479
255
693
923
875
800
108
204
789
386
235
366
209
526
809
153
639
276
399
118
747
830
424
855
747
807
840
535
366
940
429
635
526
458
531
26
595
949
661
269
570
708
980
532
183
352
415
841
115
772
72
590
382
479
783
750
782
885
144
682
533
916
98
55
700
130
540
569
199
400
377
995
706
436
623
529
463
833
502
963
291
356
616
618
219
874
283
718
118
433
617
328
642
581
16
878
428
213
2
805
138
828
561
519
487
741
29
163
330
515
521
962
342
505
229
30
16
978
811
434
974
274
881
816
945
797
633
572
384
723
158
206
379
284
715
689
264
696
495
381
88
795
444
425
838
80
852
988
925
74
927
212
485
835
694
972
55
419
876
909
913
718
580
141
795
557
345
395
791
31
682
791
221
793
477
612
899
674
692
906
579
349
471
390
305
106
343
293
191
864
854
974
17
798
551
792
868
552
530
841
46
36
652
188
819
701
362
588
208
4
873
773
603
734
591
832
260
462
387
226
685
797
865
217
93
616
243
447
226
344
880
165
966
729
452
491
46
253
497
409
494
12
669
852
627
283
202
938
52
114
818
931
866
992
594
413
374
669
240
25
961
155
233
707
813
537
126
635
68
949
11
190
825
559
374
696
748
75
929
133
811
854
713
294
669
799
440
527
653
675
844
650
793
218
277
523
358
852
790
287
853
434
464
525
603
562
769
762
64
617
421
57
903
821
757
164
449
527
564
372
878
875
318
757
867
253
318
739
134
636
143
161
406
353
318
188
116
44
231
682
902
406
920
232
185
40
185
418
456
692
907
559
495
947
977
50
214
167
146
638
555
592
658
593
529
12
417
692
566
332
391
643
69
597
932
123
363
385
795
948
874
86
627
859
436
65
838
179
740
764
988
435
904
204
506
829
205
900
601
386
49
194
2
547
723
148
608
516
284
611
799
90
586
80
20
681
734
327
865
265
109
374
956
141
707
71
924
783
306
270
609
971
205
709
824
45
343
12
307
987
108
507
866
438
906
973
645
873
483
602
955
786
31
527
118
176
518
981
558
706
861
388
96
326
72
169
577
760
637
104
163
728
945
814
389
550
448
547
603
442
516
905
249
396
571
387
668
707
143
625
553
337
914
659
704
735
80
776
97
397
448
110
437
862
240
995
118
845
449
518
215
463
681
874
103
922
865
250
605
67
149
920
684
749
371
216
75
258
511
28
849
631
44
608
178
970
189
837
422
421
647
812
336
287
606
688
622
643
58
227
379
113
465
337
236
252
170
422
161
973
323
841
692
771
87
621
400
808
546
630
839
938
805
176
664
338
173
882
131
417
355
571
927
611
938
963
768
44
727
74
695
588
253
841
645
161
309
100
852
498
539
31
481
641
126
266
624
210
945
107
890
929
19
588
549
644
234
592
349
572
251
227
212
78
563
489
671
599
63
224
308
392
419
840
806
678
758
994
898
541
474
164
628
315
796
839
48
167
117
865
874
177
155
281
369
822
273
923
305
999
591
653
889
860
950
5
122
131
952
564
62
913
549
954
853
415
941
652
928
983
638
750
449
471
974
280
573
555
912
310
686
637
494
988
661
738
375
217
514
65
381
570
617
529
583
591
57
310
623
266
138
694
593
91
589
332
823
79
388
417
146
15
689
117
967
555
24
73
245
66
821
476
163
104
220
182
972
183
903
527
254
775
300
121
548
24
726
702
196
439
232
85
466
269
832
853
232
193
84
481
489
391
794
782
435
308
701
368
4
196
861
931
167
459
153
585
831
722
890
198
992
572
525
712
616
910
164
711
279
407
457
515
419
171
394
903
448
468
883
139
862
239
189
198
391
129
285
570
893
390
312
93
303
816
145
590
667
460
858
211
732
146
654
596
84
394
798
518
921
696
23
493
4
80
767
131
651
50
328
852
948
11
804
194
309
818
172
283
236
52
667
553
544
570
638
379
968
78
529
287
926
495
462
126
281
152
715
211
354
491
914
8
824
919
811
851
126
432
470
879
106
35
179
251
104
240
165
760
913
630
411
412
887
141
476
954
626
690
141
807
501
104
372
335
322
138
864
743
156
812
254
952
404
889
516
36
738
692
891
578
534
325
297
693
73
604
729
196
814
724
890
464
331
710
863
770
534
130
607
836
513
191
130
987
236
811
40
908
453
108
541
621
246
86
800
660
472
797
792
457
169
526
389
352
898
168
723
252
696
209
759
731
488
895
99
321
666
899
138
441
597
404
958
76
977
799
887
356
379
505
627
721
381
354
685
680
293
939
405
402
879
590
950
607
985
582
334
360
206
855
349
904
827
482
121
903
430
303
333
109
502
27
296
479
881
341
734
410
192
290
352
841
834
165
681
48
670
546
614
244
494
87
939
902
122
515
392
798
6
818
888
138
389
343
20
214
429
740
91
750
657
487
531
448
932
695
95
326
73
241
629
989
111
945
374
300
835
481
562
261
304
702
999
669
12
328
38
312
480
996
430
237
573
17
140
537
213
600
589
65
503
141
183
672
313
290
158
555
215
574
104
697
87
420
442
949
761
426
307
939
172
521
517
617
931
438
713
904
244
220
969
746
552
119
53
549
85
242
665
461
713
1
843
653
965
83
212
52
256
537
335
787
70
573
125
847
958
593
526
826
988
83
59
746
704
358
826
168
274
810
475
794
516
681
736
29
38
572
814
247
100
975
391
671
767
973
829
726
344
630
182
139
433
704
326
360
776
106
228
448
367
261
966
764
633
998
187
416
178
651
152
160
786
393
598
962
693
819
513
309
105
990
754
715
537
852
619
692
838
994
582
2
861
838
127
448
532
568
8
261
71
972
177
348
716
836
669
473
617
360
460
248
917
947
807
572
365
930
876
387
582
851
251
906
584
731
150
927
201
151
560
102
523
680
261
563
16
105
370
770
287
717
936
284
775
60
623
317
974
385
402
871
910
974
621
417
983
367
306
680
192
764
543
641
962
104
343
822
368
105
102
173
859
767
737
775
605
858
357
673
34
339
710
750
218
456
800
949
239
270
433
461
581
962
785
883
17
907
6
417
324
663
432
98
786
300
20
121
42
970
336
858
424
679
30
77
430
846
86
195
568
425
777
850
268
459
136
458
161
644
12
585
461
146
890
510
883
557
582
674
294
233
85
295
604
988
18
342
342
675
763
227
288
743
12
676
837
655
493
988
301
853
993
229
959
542
516
740
223
271
182
291
140
82
28
558
273
242
650
814
359
719
520
447
815
577
272
40
784
1
946
308
234
289
155
155
291
485
903
135
294
604
557
527
413
423
242
27
979
477
862
562
30
983
244
61
650
342
513
975
396
789
211
3
325
490
507
555
369
611
79
714
22
363
384
235
964
151
862
249
824
271
612
987
747
263
646
668
47
247
863
129
425
559
828
673
223
849
908
648
789
16
417
378
342
660
475
349
643
401
312
932
343
491
893
435
374
445
724
424
136
225
766
151
726
226
400
107
341
146
982
281
949
399
459
803
921
751
679
416
874
695
300
828
295
607
422
747
881
889
593
323
104
354
466
163
213
117
623
712
371
405
782
912
455
916
604
541
875
903
941
730
624
490
346
996
265
845
543
872
553
638
692
538
918
570
764
29
996
824
139
565
721
290
180
251
907
403
915
431
608
62
493
749
699
422
624
343
470
510
781
679
940
891
778
667
79
689
568
876
939
746
27
441
127
323
638
840
73
199
2
402
180
266
591
420
556
383
832
515
701
244
497
498
885
509
336
29
665
647
566
207
785
922
18
277
918
104
272
48
650
18
911
796
839
945
186
101
135
727
755
503
920
561
778
334
15
155
278
513
458
941
553
1
786
495
100
881
911
977
37
424
824
927
895
366
295
491
577
431
721
848
529
153
848
787
440
685
43
946
250
992
285
744
66
583
952
682
792
948
219
70
139
367
775
229
229
510
284
677
316
249
747
211
624
492
117
876
744
504
306
217
703
451
778
742
640
499
596
344
964
690
661
366
950
976
77
533
747
100
969
695
676
841
834