10000=size
97866
2438
39934
54756
21768
97982
87370
83369
79798
15238
94728
62613
44973
67858
27275
59983
11621
4181
21581
62751
16945
49299
71664
91671
83845
81431
63638
53362
3572
48924
17723
38543
32806
90974
83652
31595
92985
69410
82413
97309
74778
88514
90252
60451
37370
83618
24829
35094
57971
35381
12554
91005
84889
54030
56356
21121
36955
17932
55850
14178
73267
66535
10539
44197
39097
38185
5707
37099
7558
49948
59629
48705
5263
5453
28580
87322
12147
29450
91460
51961
76550
70112
95980
28046
16472
53676
16145
70733
93090
17140
77208
16619
68564
40348
47064
98558
37092
94142
62627
29391
77084
19952
6943
37057
30347
62217
43805
24921
67028
98910
55646
8209
25790
15884
14924
12502
33320
2488
75607
94529
79909
93266
26927
45790
45335
99514
69634
61441
42794
49422
97422
75774
69307
50677
14965
82952
85331
10448
61845
31137
31188
63333
24564
65746
64758
11120
79241
35434
59324
27611
27488
48745
63748
5566
19609
45617
76654
72376
67786
64875
70553
42333
41078
43266
38044
52509
25445
60025
85771
74917
7609
16245
48376
43448
7623
5795
15762
8093
51531
4880
78795
47457
10480
90510
768
42506
52072
21862
72106
68911
15100
95399
44310
29168
45466
54936
40559
46807
3950
20439
54686
41958
34985
51239
55519
15638
64942
62298
81485
45747
20516
99352
33524
31095
53648
80368
69037
82413
40973
79821
71154
69301
33245
30872
85611
30869
43133
56924
81434
32063
31443
24867
27439
66598
25413
39037
102
59368
6770
73875
40564
7384
97268
49844
67088
8986
12828
98052
7181
19830
46593
40936
24594
31066
6682
40514
25091
13170
37433
970
30394
76993
20870
13045
34244
438
10211
78655
23327
7963
47534
83427
86708
28124
30485
48000
96174
81293
6008
86064
53135
52711
42114
61519
74519
40391
70926
45064
27602
3042
2526
62758
73884
11960
47550
18533
69714
99175
52442
16600
69991
78412
96561
52253
75451
56821
66013
2997
63241
86186
7240
47133
1882
95407
77408
16635
69096
34438
28181
54390
41329
63726
33930
76625
97713
50279
49473
64389
22962
83970
77045
87950
18618
34199
54916
89004
39155
35646
64672
65760
87125
89616
84476
1216
77466
9743
33455
73305
77504
96003
36787
62735
57534
64551
72329
57523
26365
74629
40638
54041
53951
78767
9942
5358
68126
16090
60197
98808
41056
53340
80686
39224
67372
56942
80219
27621
21195
61285
28071
94408
35339
84760
3478
47072
82956
51981
83436
84633
68849
73047
31148
37115
38129
47516
39884
64945
62717
24804
59010
41548
47395
60512
98846
54770
89423
74031
33983
12208
78205
19172
37719
73647
13632
21745
6764
74604
41979
64206
74862
9656
69074
71488
20855
67295
94369
25453
48909
13536
75407
44837
99761
17625
39895
65752
13602
27388
2308
15146
26644
87768
36483
25407
34607
20854
42361
28064
37405
36669
53551
3381
39056
55635
79976
31337
74788
22401
4986
44182
27082
95224
42062
66360
26304
23582
10261
92459
85507
76657
86551
88853
82766
25436
88955
44555
42893
57682
10911
2782
33220
57169
81648
84431
17652
34247
44249
67750
861
78590
6877
76181
86507
17335
54621
45517
1652
22683
28174
31608
72259
96556
62437
73533
20218
83392
51352
52818
77343
77714
25133
2883
93107
22248
22625
40379
93897
80055
1543
81457
89424
18326
57088
13741
54760
8155
23254
87390
48225
937
96374
94450
75234
73745
3958
95859
57497
27094
32036
2207
80160
11949
74004
6774
10308
42239
60850
27022
44478
54983
75496
92099
2187
67033
76716
3298
22775
66281
247
56983
23493
22445
46940
5754
84404
18594
16802
23127
5793
41133
74008
82002
58718
27490
94480
72149
1789
63878
83663
31757
27055
86190
86983
69638
63113
5532
99147
54497
59526
33824
67873
68300
44774
47332
9689
81104
17383
65386
28644
50793
17358
42957
90108
57364
67636
79624
96107
29732
70113
23373
88968
58210
83284
98612
52779
36496
2315
49606
79466
99915
14027
60654
56850
81164
48888
28588
5364
7462
76076
57992
2805
97152
72452
99377
12693
59191
98226
77928
20547
4953
13392
580
62991
91756
65104
89395
95198
65303
1925
96548
166
39892
71430
57498
21667
60222
69147
5833
13083
60523
73018
23521
98514
98786
38664
88125
75832
11719
29362
91962
71694
43677
53027
68333
13200
37330
35299
76403
61967
22335
67862
63649
14938
59143
83481
38735
33187
32453
36544
68553
58389
37285
85306
21778
64134
17769
72169
69009
81848
18725
68633
35775
36194
66014
62230
65302
71525
75382
92523
78957
32429
68458
83103
6688
94084
22218
47314
70296
67625
96722
6265
57379
2800
34541
58333
74734
70204
39757
90940
69411
95531
78319
14052
52638
45990
66579
10975
99304
23993
36416
1917
2003
10976
57058
24431
95387
83401
17046
3524
35199
85344
10374
94565
42009
88063
4365
97830
58899
82010
83617
60922
60774
14817
6920
48109
6806
83324
31933
84020
74297
55561
14659
461
68046
75615
26700
31806
15066
29551
48201
72571
75513
39621
68564
28032
31931
5178
9959
64039
59795
81311
42227
57703
23165
98094
40479
21071
6352
25911
26225
79602
55663
38093
65461
36916
15043
85274
45658
87846
71820
33026
29801
74813
85728
4997
15304
38334
26181
97025
88162
22598
84378
8507
82084
98868
91742
87697
86667
10484
86374
69443
2399
84468
75100
71125
38203
59941
31326
72892
93877
29467
43423
57361
17505
77536
29542
68610
20292
2939
38697
12996
16338
788
59679
446
96205
74722
77622
77914
59835
90009
64590
45656
39611
63005
59798
54284
48479
85750
73694
32334
55617
88626
61577
61342
5029
616
5108
27413
76834
11926
95433
49470
31157
22692
17540
50959
71872
73098
5896
11490
66255
64456
55738
8705
16567
25538
58692
92375
29955
10873
38455
91596
70636
92756
17655
24011
28841
62972
99741
33493
51027
71068
8057
851
70748
84638
9445
85227
38220
18726
96483
14040
36474
99775
6577
26593
18088
83000
84760
72577
37023
65725
72015
79372
68060
80632
93969
55774
49574
40020
55206
29724
43195
37057
50284
93869
90194
85822
17944
68270
98090
54454
75800
41681
55231
14650
73052
1266
7348
76632
7749
84417
62177
21063
41772
2731
36243
81414
61310
21561
54715
39487
83307
86962
86664
20923
32493
27162
35831
87065
30315
61528
68922
40880
81661
23257
47116
9043
54742
74668
98886
24146
44614
57549
90373
60423
7263
78896
99344
69058
26460
441
32025
69263
84655
59412
4806
57896
20954
79624
32092
73829
99506
40598
55897
96777
39494
63559
23028
5730
87946
9914
1666
70379
648
19735
61172
69250
5603
2536
88394
28705
41493
80276
83128
21289
52603
48000
30729
48179
87207
80297
59731
10238
48988
66807
67611
4446
26310
55480
57222
82919
84029
82052
65897
35327
79247
18674
32407
41737
65662
4870
81270
2588
6108
32021
70460
73268
18871
52226
94935
35931
69199
77562
75940
34975
69546
90090
8076
25806
57326
31703
53289
36002
88653
13616
44622
4148
51466
31566
53692
8869
81392
17759
83544
94867
85517
26338
10546
2708
48093
53956
23174
888
80113
40109
1822
74058
91091
95475
88522
55586
35718
34871
17325
33414
3095
21592
42333
23200
52601
34029
58569
47686
37605
3060
76171
55791
26170
69750
83977
72170
98184
1206
22508
49130
53508
63493
65117
37870
93904
51239
57312
62357
24902
54155
41071
27941
95421
4652
2312
46819
62390
29873
76039
33944
81100
12861
41389
16548
12759
37496
63090
50475
35230
11013
21967
79207
37699
60629
7600
62883
45373
27397
35567
54592
40474
11938
1093
27726
26078
43854
10867
28187
41855
27083
19099
60773
43331
90187
7364
21236
39458
17523
63397
44367
57001
69094
60
88173
48777
78416
66109
97826
59441
69715
77041
25539
48915
59668
5584
47086
46369
44024
41360
34285
7739
40147
54260
34055
1282
83666
56438
5447
98077
39210
48746
86282
19454
27486
54674
57929
86347
25524
83590
12956
82050
99912
20208
10556
20033
63105
18167
62532
66810
39842
51738
4330
35839
46011
36465
73979
38216
48617
65924
65247
71156
28279
77706
21775
99116
73402
81983
66020
30653
29947
79786
72681
64237
14878
28253
42980
30013
59469
91691
8385
77257
19015
58313
86671
85130
51582
51671
84547
55103
51184
14748
26611
57603
89545
88581
58885
90834
75778
46062
85786
28333
31751
56387
11867
69718
60202
24344
73036
80258
35247
23062
9906
2482
28785
87631
1689
94386
77549
82286
29196
29326
9692
65194
12166
57345
4184
33214
32219
97901
4909
20222
51313
76273
58419
82445
67518
72603
689
46020
19696
91724
52162
72968
29499
19561
82304
91938
18290
78266
90285
28009
74720
31650
76881
19712
67245
26998
12676
34889
18676
56650
22560
32530
61537
43443
93189
60410
22335
6563
61884
46851
74583
47997
44898
16705
31309
81421
44562
51635
47425
50717
26276
30312
32178
42580
80604
39980
87092
97353
46566
68188
11457
95512
65920
4858
47561
9779
28837
39069
40528
16892
71137
13787
90983
16807
10493
72181
86705
54093
77054
7020
98367
50530
99335
42387
99889
32876
53608
66585
45987
51845
38404
22282
99216
44532
18438
74009
953
87011
37727
52808
11569
60758
60074
17713
57859
86077
15078
59307
85559
73017
47904
49351
85259
8622
77358
43300
35304
23757
78735
58506
46721
18804
99374
41804
50835
98883
46492
28518
52255
17386
1275
99874
6195
19801
41575
10122
43254
8726
98177
44340
1226
48618
27740
35795
92422
89040
96687
26337
57144
22623
78137
30018
37471
88681
12008
137
99954
24178
9136
11982
75707
79874
26264
71989
42897
37473
71366
30798
81285
97244
73426
72955
7747
76229
57944
22935
91838
88719
16215
2212
74011
97268
10523
91646
54457
11629
38586
65620
24812
83945
20860
57277
25552
39311
88199
46029
11541
31560
34621
2740
78973
60728
95496
10329
30305
31858
60457
49239
5601
54809
77541
43209
91125
45436
94548
26096
2798
51131
28173
55886
1524
49717
96713
93668
9683
88623
49749
58948
54014
99669
82457
64188
15116
69568
92552
8086
46128
86391
70215
22257
32523
93211
70848
52718
34117
99815
74886
13577
76639
54600
85452
77014
56186
34104
96399
4518
67816
17885
10016
39978
23125
72991
86493
37826
38809
21941
75286
52162
47876
34732
10446
40743
77613
86767
93473
55246
14578
65413
85113
82374
20435
94970
36385
80406
1278
72601
58772
53846
75447
65843
82482
21967
83052
1468
45643
36241
44530
3556
42005
13899
90277
51711
40390
40590
37855
68963
8163
57109
72423
68017
32399
60057
45066
76880
40647
17716
84720
61776
148
46379
55789
26324
77334
62848
99999
28410
77850
64360
79713
26294
78116
29029
13752
71073
9782
1946
78280
4535
97431
77876
27866
36125
81445
10530
9563
63555
73567
22298
14072
52610
3901
36729
31062
1371
76867
26510
53126
66664
30410
23486
61727
15441
48141
86475
63231
69462
53767
9215
53716
15713
53918
54664
36992
72299
60653
67063
79548
57044
12467
82983
59639
52623
8565
3197
27812
75818
30212
1235
49308
61701
58387
52530
191
62850
51972
26851
23428
60843
37198
16341
6635
45191
79327
97915
10211
98738
94435
11628
42741
73098
96517
98059
89000
46411
80124
1142
74789
2513
59728
16227
76487
34196
62571
59946
95131
22323
77291
9079
21954
81404
28304
92971
62831
91858
39837
87210
62055
70789
66629
99370
60891
62630
47772
23031
17440
75232
77942
90440
84929
63422
52228
69454
8292
3463
79026
25528
2994
3702
75901
37608
66611
40674
13344
30213
77876
31574
62012
93477
40721
9931
98453
93976
60369
99436
13212
37405
70671
49843
11204
18261
59244
99464
90029
813
89215
31512
5453
29748
3769
43504
96589
86816
41770
43372
7807
69917
41173
53587
79737
34299
49841
73986
23737
60868
15419
80760
42836
83891
42415
58275
57602
83242
5556
893
4019
83712
22633
60844
20907
47850
6419
87155
21334
97045
56321
92048
95043
27521
61103
76070
24521
19190
71692
41786
20736
33596
21876
19648
63521
44914
38391
29038
50427
7623
82181
19640
95305
92434
1356
83722
14828
85985
16762
82659
80302
9415
48331
87301
89270
39716
74751
65370
7345
75889
19638
931
69215
91948
51845
23989
62722
85329
64055
36980
59284
81313
90399
49765
54842
41131
37659
58223
20837
22135
77640
33748
38826
3473
18101
87813
146
77393
55826
99145
72226
78421
9964
98033
33930
7474
22022
29601
14463
24566
71341
81005
98950
4066
45156
77775
52884
89668
91951
92452
19434
73960
12256
53623
92612
93553
302
68702
30029
48457
72041
63218
91708
98466
87844
34784
88355
71153
48118
74277
59607
81690
43916
98967
87860
23673
3211
55649
47572
58178
67856
30814
58136
77493
14295
27839
40046
98475
9059
27486
57878
69567
67715
59101
1289
88000
64553
23194
4256
48928
25897
91098
42353
57119
48887
82298
31095
64755
44281
92261
14779
53522
13711
7304
29391
25324
90584
80045
99456
52022
10981
52797
76106
46569
99949
7008
74170
89753
25345
70966
59865
98218
62526
42281
44614
68501
74228
59696
21475
24915
9437
66549
26466
49692
44313
95912
90790
7648
90106
19456
98506
88107
9801
81107
73268
66240
70542
52276
85100
16923
74581
2148
31534
39178
63555
52186
99909
41993
27121
55270
16441
64468
88263
66706
85607
69320
65680
18835
35154
98264
26565
49480
82613
21475
16481
51090
69187
55027
13040
55896
72121
19311
16123
91735
91291
63529
66097
17167
6198
63652
10572
64561
2056
59059
90989
10346
63856
75468
7834
75100
56301
93928
9297
90804
74571
24108
3028
89956
2266
66425
56351
77312
12986
38516
89348
56548
18932
19155
69943
97926
68842
4498
74266
2531
39079
47775
1368
80539
22610
74706
96457
16505
96985
35146
50383
50090
50694
30329
16401
27799
51394
33355
91584
61198
44764
36198
6514
85181
21188
74991
66276
40527
45870
83718
53693
86027
57841
66323
64747
30036
46305
89671
78961
36552
37541
20967
66515
40043
58691
77072
18988
73506
91329
85601
66051
36196
18249
23480
91611
76562
97493
28380
33250
62077
64991
76822
28514
32049
39087
17787
60720
95318
25225
22684
80814
88509
74951
20641
88426
86971
28899
49560
25766
64004
87963
52345
70337
23896
49280
36931
12366
44666
25728
42432
33317
23540
38842
34010
28977
16010
3338
38095
75547
61778
15209
90872
86845
5169
77140
86428
9361
16795
73244
55297
67194
6302
93928
78455
50170
71442
54292
67541
96625
74274
9591
54399
37770
9813
16940
39787
51812
7685
71884
50158
50070
31175
83449
13191
75032
87250
88716
56639
79303
54985
27564
75753
40115
94212
22554
98111
93717
76378
20331
29354
37921
50520
58489
98384
70143
50049
69021
97610
41949
59864
4969
46417
73821
48213
57394
50408
27737
15557
89093
86380
19807
37364
14324
99569
25873
41491
82307
41526
73941
68067
99730
81435
70993
4441
11928
13586
87720
69422
68874
90482
8414
55415
80002
11808
36765
11621
28202
29696
10272
47588
84259
20610
30654
27792
50821
88418
4428
59692
18140
81872
95535
37455
54379
5932
84429
99909
6054
62941
66692
8908
23844
48170
14224
18484
94309
80666
82238
26263
47093
5201
33988
58662
52516
76845
71067
36119
84297
42120
64365
29957
94482
94201
5511
3994
84621
26287
13457
74588
40392
30347
90680
24697
9197
80315
18588
2965
28292
19420
19778
17682
71169
11934
79235
79522
89699
44997
98544
30395
38788
31344
32661
94642
86914
45322
61765
50128
6460
99543
66191
65042
18680
57143
99415
68060
62101
32949
51826
7524
25216
37071
43640
97134
31360
56715
18750
47906
22744
40905
77326
86646
54311
33904
39581
6047
66875
14377
91820
52174
50663
47405
35068
20469
95783
48206
82260
73292
15684
27114
38851
53727
88358
69153
17487
17662
64215
32362
3978
41875
73921
55833
78135
1480
23743
22043
83473
84197
63035
59415
95026
15208
16355
96253
40462
61889
90445
49198
61684
10842
6635
10549
55030
45071
61229
309
94124
82397
40691
99751
90942
6871
22479
68680
94490
8886
43869
94875
98117
23752
28481
44240
15801
58597
51819
40061
21246
22909
64962
94810
80475
57295
53339
80105
53456
19169
14923
71651
96954
58889
47957
16696
62218
5157
97892
96884
18193
73222
15480
69993
77677
79459
72031
46370
1499
99848
52423
2248
68906
72692
36581
26065
38294
35885
480
66544
70823
97129
22770
9831
24358
53433
32300
72526
25277
8525
13094
62646
41141
29037
82392
89274
11508
14867
43937
62240
44902
34868
31092
35922
76259
76382
67563
20432
68437
99175
23716
57114
71819
82627
21802
3183
28923
46867
94946
52125
19136
13395
59011
65803
72100
29615
59739
61009
14378
16611
67384
49577
37349
49825
26036
80692
16639
14689
1750
58521
86269
88693
4687
97002
90185
4769
24285
22928
83055
12714
86199
42180
64288
61994
58106
59336
39838
63669
7262
81598
23318
64538
82949
5493
36064
90021
65767
26054
53662
8217
99194
19784
95929
25262
35387
69430
63997
5213
37035
86583
30339
50122
75858
23080
85976
34286
40613
26899
37680
56540
26458
12413
17879
33058
53142
3605
55066
71378
9031
19014
36408
13905
14877
3246
2044
17718
85904
83849
8809
27704
91460
91787
84380
42485
18455
41833
40808
70633
77437
91314
94635
26937
29125
37485
69183
72013
57982
76937
41048
52161
36116
41478
88404
30660
41546
71167
30615
13234
18689
32571
91851
67471
39265
73739
63608
66978
40775
63087
52370
65521
50052
47832
95142
59914
82816
97482
56503
68602
89013
74483
10267
98609
75300
52836
631
70467
83092
75875
54719
7635
72842
96903
28146
40822
47900
53253
88107
46128
3881
2108
84192
38115
14015
16631
87346
35507
89585
82640
16530
50441
61616
99342
2521
73387
44763
72594
49552
43592
70179
90861
62713
7314
51983
29297
6093
37258
94902
96727
74086
32294
82795
18395
84623
60848
99151
26967
96002
56706
60744
29550
6897
38216
10300
50183
92108
45402
37183
99743
62200
76654
10755
85957
66911
82880
29008
11187
92243
78814
95846
73491
85393
77019
88542
95784
38931
13387
12932
13313
40049
87813
72254
58961
1046
48183
25528
21456
24032
62168
76064
12666
30558
82034
85137
12096
45145
64401
12187
66083
23082
13283
41400
99069
67593
64385
73953
22166
82101
44147
67877
8284
69418
79326
54975
56104
35865
91012
77945
97267
44082
42136
97004
38760
30641
46800
29002
19324
73902
62980
46901
42739
55870
16967
39886
76053
97653
63365
17721
47500
32733
61849
71486
5147
94876
69684
97195
90305
4503
986
73163
12627
57063
21017
37057
41567
11271
7295
32138
77681
17589
89333
93740
40621
33085
98006
60749
11092
64992
58883
42750
53084
67486
71350
50468
78539
97828
16288
31731
51742
48563
5282
20457
64602
49669
27268
51217
94572
35638
92755
92044
29878
29675
42372
5348
50810
51348
6197
29745
13608
4444
67307
10545
81040
6912
87966
47435
71081
71909
64157
81218
42891
89804
70489
76329
22660
43461
99409
41899
70578
5739
45766
19254
19076
93776
37712
24853
87492
3574
46180
79369
33446
20149
63698
71457
41210
25738
42258
63072
14040
64380
64459
48332
43010
99368
5439
67100
26085
80721
5012
22284
87151
77444
98155
92019
29839
70829
42740
22543
58063
84150
1042
24544
62146
13856
89677
83617
99283
62012
11482
65663
80870
78477
49988
11428
96909
15493
22546
49568
32374
90228
47971
80223
6016
32515
82284
75565
37099
15292
70507
16359
30362
13889
82500
25284
38224
20559
30315
99126
98083
27194
69423
30269
76928
66534
69505
5416
67162
35894
65684
53055
50148
25364
82968
1083
42605
72195
56972
39564
86110
11217
31027
77012
21119
19535
27295
24543
96598
19317
18440
24126
420
8850
32998
2838
20177
30978
23736
90940
60277
99561
40185
40483
34611
90348
5973
56273
4950
4744
14278
89769
3202
70239
34572
15958
19799
51010
44311
70051
95360
50278
75742
10004
47667
95074
48121
28289
22247
70663
3050
99695
52923
48047
1171
234
93480
94345
15095
76482
65780
61792
17768
67336
90816
7152
96533
24310
49827
55563
78525
15757
78992
43241
77478
57945
57699
61455
36003
74824
71817
9937
13744
35860
63553
5860
34625
75630
90530
21802
28986
73524
26612
30778
34421
64304
11984
62964
13018
99569
72813
56391
19442
59013
69719
42415
96299
26
40505
55321
4492
58918
10540
88950
7659
89086
11871
51309
49007
81478
15183
68027
96497
87448
15491
16546
58154
11590
88467
92885
94166
82150
70663
26490
24404
47214
19762
94515
2884
62934
91768
43269
34958
83474
1265
99623
67292
85210
86462
89812
37541
14580
12432
18757
56273
83846
70148
92177
14302
30302
96521
83323
18401
40143
78184
81620
24498
79105
43640
61752
22635
81178
26613
62337
14114
50261
1175
6876
1782
398
93054
78254
53592
69064
59310
80169
5182
25205
6713
89743
80880
65499
52722
78621
70747
18718
73779
98193
92204
62090
31343
27670
16655
33482
50229
77601
82086
48576
42787
30892
86116
24656
55703
14567
76220
25069
20217
53194
90333
88857
2613
95540
9045
71709
53943
88167
97028
91542
78418
38301
12048
99942
39559
33248
44635
80841
22594
55962
22449
9090
92992
80549
13883
24472
60191
89557
97538
23332
832
2983
75839
59901
81036
50842
68606
84602
38637
96742
46057
73700
56245
54489
96422
53694
80199
83350
78292
93506
89584
43835
31791
9274
961
3635
86395
90698
44480
19631
2598
4303
60070
84742
62015
59135
33621
25611
898
20662
50566
33098
16911
71038
79536
37517
44517
99426
94378
84077
56264
7083
25927
59500
49912
23421
74009
85028
58066
38706
91900
57887
37996
39601
35261
42396
34433
55992
14917
50196
63732
58856
64814
69988
38238
14979
8342
38492
64538
93660
7692
8365
56142
68692
14865
60059
35321
94646
86800
12265
26892
27282
18961
55723
16220
85067
79805
51425
88672
25015
14003
7739
38143
22425
61192
26290
7917
84784
99398
31861
89697
18991
70391
96592
24954
59695
19277
48599
54625
44774
96593
64921
97826
71858
61320
81366
90061
32990
69810
42706
48763
52428
10867
11164
10572
53813
25166
48032
83475
195
85232
21383
29249
40360
34817
7995
60254
18753
16438
27573
37743
28778
29171
30888
51463
24841
55838
73862
30565
86444
69559
52913
62211
25548
72087
64008
65252
74001
21438
8882
63651
68671
16566
66260
78635
98958
38046
79526
16415
77651
91956
26093
24486
69563
62193
72927
52564
58069
81286
99366
28493
54248
1063
39242
5196
47006
95480
89924
45451
66715
33120
19044
71544
88059
71268
45858
13172
2885
81485
30152
18078
52764
9367
19667
3247
69845
71155
43350
46452
201
93880
22658
63403
60156
70407
65629
41311
71999
64582
67207
88679
55747
97746
9072
76662
14957
3218
13978
30121
21329
96849
6731
74935
36597
17829
22648
79751
21863
80067
1904
57781
67704
67138
42959
15296
18355
55352
77865
2004
44939
19652
3182
1126
20749
27136
72687
61079
58676
86966
29111
11239
70847
64136
48289
68477
83286
72138
4994
28387
7206
63487
81606
89986
2681
31507
91741
33206
56241
14035
45986
14930
52861
58177
40461
7458
20708
85466
54907
9291
99431
31811
83962
16855
7942
7510
14676
59851
41134
2734
26603
5252
91790
79367
88061
92570
71341
36879
17779
84189
73511
14048
50525
51524
70595
78609
51887
37396
58867
12618
46281
82816
75870
53515
38896
45422
2435
82069
58003
68022
93122
53747
87537
77085
88369
17100
74201
3696
16586
37398
26208
43245
29495
6715
77142
10090
71192
91498
68523
5942
40763
53299
16855
6543
77270
13243
80791
10538
4046
49675
48164
66431
68813
84518
5371
7925
71824
20189
36268
92080
86755
21179
64054
23786
61384
43021
93729
53141
57874
40286
31879
6557
35269
58023
22766
99804
12543
37659
11257
24423
94862
89199
82403
30957
36786
83967
33427
46282
91249
49474
11024
75565
49925
10752
94687
52932
2252
47631
10659
37627
49241
10320
51916
89659
47335
37143
26202
6246
14824
82698
3996
17266
41342
66981
86350
11951
30967
62265
33517
9122
79013
32456
98418
55419
3638
16820
47791
88670
85935
24157
56540
28315
43897
41604
88593
13655
82424
55184
57453
53693
96063
23588
57290
66182
52742
97281
24222
63631
53864
2607
78216
89950
89078
70418
30356
91150
59238
53704
99711
30216
90345
65162
25713
28237
40049
5563
57340
66866
45070
8667
39571
52043
50659
13818
65301
67691
71440
14247
59262
69993
65977
93591
72398
38714
95513
53537
32720
19068
83678
71936
52401
91329
37302
99281
11575
67239
89240
43042
7321
28904
76315
60833
588
58319
94391
85151
39576
13732
94456
72462
74689
58808
82599
18636
83391
51244
37411
12805
7210
54053
56196
47938
49674
84245
66890
45999
14808
50550
45904
60167
48755
99328
59588
61649
22834
20316
13347
40104
68384
76561
71099
80726
49081
46374
24283
30802
70510
12209
99206
75760
1601
10802
97091
57820
33490
72913
35576
13301
7795
13642
90461
59970
38620
90488
66085
66650
47284
39855
37843
4321
81352
37169
85668
71490
74356
76262
64453
48718
13277
30065
5218
27117
53726
78955
26207
60173
93909
35487
19091
87786
668
9235
37034
67952
70959
47381
16492
56013
92096
53164
41041
42715
2335
89984
5638
13084
38364
83366
68704
49325
48142
23696
38448
69369
17085
4965
5668
16046
87918
19612
92885
66118
70663
43256
76326
16528
25993
35869
20500
31309
85785
89081
23561
64672
68072
82854
60732
13239
62695
64095
70312
18770
45536
37687
97964
29685
56740
35618
87912
29024
59136
52841
88392
12554
99769
39237
96798
55694
84243
26866
24897
38918
86249
18282
28220
79878
3742
85124
15846
54257
42670
16053
55725
78171
75903
17740
62143
69903
68414
97498
62942
97485
25359
96895
12805
22659
40357
34316
41581
69488
69773
23900
34417
43026
85350
80976
52499
67477
7466
75379
47358
24950
21857
13014
54334
53191
42928
68320
43605
98876
1387
89802
73491
79069
81648
86820
77847
98592
29148
69749
9029
3133
91614
2486
53122
34760
50036
80071
55205
82936
79093
85919
97597
60914
66607
13595
72843
85604
3491
40965
75962
51619
13792
49386
77362
69156
71834
98653
67326
73482
19263
39222
64881
151
6546
89086
35839
11512
21726
52852
65104
60064
59912
8601
23657
36081
10713
11960
74810
91552
37045
88679
95311
87187
20478
67419
22382
20380
8171
37550
83509
29666
49151
62707
3447
67739
61569
90992
53527
89469
41836
32948
72669
48206
90
8235
16756
40916
73098
9522
7362
77182
58413
20470
17537
99202
1157
66451
16940
90116
52569
60243
74197
80934
13507
83995
54723
47484
34955
59225
63439
46201
84728
86672
8476
16931
778
19422
92840
19400
37175
31901
63125
99201
69359
39387
54878
31953
68197
95504
66910
65607
13830
65254
31882
51540
87045
5851
34624
86305
32356
1012
29672
28522
86032
64594
18388
11114
68194
23183
32761
42059
86312
20395
14982
38141
23258
37098
44196
19035
94191
26445
616
94295
75480
88438
8427
14049
12584
43271
64861
26218
27788
77092
90027
68540
70367
21653
92373
84643
87672
60937
24348
74997
54437
87465
85607
95576
91788
46765
28942
12051
22200
82095
28814
92895
49998
16950
99916
74826
4358
47431
91954
80945
96890
28581
29600
65118
28214
8195
89263
80288
34404
3264
17566
45509
8937
79173
68468
46799
32141
81189
77435
97572
44301
44114
37577
46480
70079
6581
65883
79349
94503
58957
55569
8109
32992
98265
6612
92584
82808
44090
44106
24408
36209
26305
13198
81740
59447
67905
58796
99807
80818
87450
45166
54288
34871
49383
18844
47299
14850
34001
23282
90484
45390
98360
4553
95622
9481
50913
78099
33066
33643
19915
2617
92039
39014
39119
4898
78807
2471
72320
89085
95095
89042
43431
5351
31812
2297
11593
42459
89262
2724
71634
28711
71743
81640
90340
74089
2583
77425
24870
64991
95827
86811
63354
8731
63888
84937
47812
34316
13536
34725
19331
28821
48782
158
37411
10425
10473
62760
30161
85911
35629
13104
34525
53186
25132
83123
17055
83348
96723
35375
79575
24596
37360
22703
83810
50960
83621
39972
26648
64491
34210
73583
91377
21161
64289
75850
65781
29074
17980
24982
46262
70970
94996
29648
85307
90770
65652
99116
59319
82954
49860
9638
44425
31750
87126
38737
5021
38151
99437
4075
83945
13543
10565
73158
93458
73644
98877
36374
20364
96833
73867
54298
83327
2170
83700
31950
73428
54104
34732
82584
97099
6461
437
69333
88728
78007
38018
5705
77779
76285
64075
10034
59978
14732
74668
87429
81440
54161
84080
88511
64331
13174
18713
14600
15504
46189
49125
29742
71448
43423
14445
18512
12825
8629
85909
7301
25311
97440
36994
29818
98966
17408
11409
74858
16183
83299
7221
25704
34510
31265
24083
51314
85860
1585
93815
49473
27095
74059
81735
80504
73030
66959
47313
51172
49949
41720
91557
29681
33783
53028
91081
38079
71385
54084
7397
44534
76595
31244
45653
57312
31312
67987
34341
75178
67667
12347
57447
51331
84418
50456
94511
25005
86526
4526
69160
76451
31301
69901
92866
99381
69559
59947
42130
82850
64498
3463
8189
62138
89430
34863
60005
88388
50564
68769
40028
17635
83887
53430
8234
89478
32023
79058
16631
51821
23821
66622
34880
24561
68530
92274
2389
58465
43845
27199
91341
4859
91333
82480
69406
72325
44110
28357
72759
41837
79213
36877
82471
84258
17713
36564
25715
17059
39818
37173
85123
22077
43104
27406
18760
29972
75016
13600
13867
70127
70557
3300
85916
93858
39033
13490
44054
84729
55173
28155
35965
93988
65298
10988
66127
23154
53436
26449
44258
16286
99625
80664
10986
8288
78395
6547
12898
2196
55317
71347
18269
3978
32048
20216
42869
20373
3662
28377
45850
67759
29814
40980
75731
15851
91550
80626
94686
52506
63198
94734
8379
17280
84874
91755
50382
29884
4171
9588
2562
31275
45932
53639
70686
67638
53457
88061
99270
9021
31856
23093
16686
85447
85619
12885
37022
28124
70471
44571
79382
80097
25296
76991
46872
23209
85631
95182
73044
47662
52833
6477
73488
39708
14591
11642
64999
7747
52092
96738
12487
25818
21114
99390
50023
62357
68948
84678
72581
86572
77517
61189
71681
44103
44612
88243
58667
5451
42770
68105
71882
53366
68707
45464
99087
51178
86313
63717
29583
20212
43365
99739
18648
63562
49071
71873
37861
10631
53270
64113
65708
82883
32673
38631
125
71798
6584
74610
59496
40765
2818
4
58590
72899
88066
61607
98285
38826
13747
13864
75959
45052
63568
27154
22953
82421
69672
35298
42462
9967
32473
97731
32697
92540
86567
20616
38305
65867
82488
56507
93815
48150
30452
19133
89483
46386
2648
57783
28984
33574
43103
70993
59547
76921
23432
87961
19701
4892
31180
30681
54251
95253
34472
66272
45462
34030
32244
36972
59268
5926
81666
39632
70247
76384
31867
24580
86187
91954
49139
29092
74718
14372
42012
83928
26060
41357
78870
84388
59827
15546
46627
39570
90486
80810
48923
74041
53258
21342
41765
35247
23022
71010
68004
37752
15532
45103
12268
73159
94517
74406
67726
22174
5835
50281
77628
13074
22023
75692
97713
81624
61414
56623
66851
13975
34292
74770
103
97659
62834
87671
83177
39077
23215
72576
56374
66450
60385
60545
24881
81934
95292
60029
43475
13720
14298
15273
31134
86229
48667
25953
30128
79649
98084
8482
63306
79275
7714
91997
82141
86388
48496
45780
83458
48894
8089
73050
98708
35449
32049
49074
72054
59031
60341
43208
60771
89395
97080
64584
18937
46085
38685
28585
33402
58029
10861
19066
72573
75007
90811
43901
41267
71010
60807
35411
56540
22689
91927
56256
60078
81563
96458
94743
58982
14210
71842
55696
53368
4409
75315
7709
42220
6400
34250
83136
9216
12575
44624
39826
33468
89359
23009
72029
77523
64452
66665
81949
1790
52414
27838
8939
7411
18749
3203
17019
26824
95989
19758
83741
87613
76193
29748
98076
2343
41151
87498
79234
78523
22765
38752
14020
36300
95069
26168
45259
33175
75059
20377
84205
82209
84968
69044
80992
15495
7819
67547
22465
46319
92679
90698
69919
34338
5289
16128
93636
89150
4677
35225
61605
72233
80447
43517
87022
49693
51460
74065
48829
58881
84996
40356
72676
14444
5660
57898
1863
80225
58762
17265
67462
56869
41846
50838
1604
5490
54564
94558
60183
60905
66434
43781
64936
87840
75882
57662
64858
44899
94919
36512
15537
29381
33469
55485
47100
78646
12327
80964
91554
53940
28174
54888
57720
54892
73227
80716
85205
62497
96508
80787
54622
91752
99922
9782
88792
37627
60038
32792
59756
95958
47418
63271
59025
51181
41515
99778
80307
66704
31732
17968
35857
43673
18565
10690
19278
94900
51885
10899
10623
88711
82013
32966
79535
16322
70133
91555
42126
12177
11897
4520
94729
13988
76006
1381
19006
94618
31350
39615
71913
58052
99435
42144
23517
95608
61765
96763
87737
15867
78113
63763
81170
42157
25784
91080
83153
26738
6626
50492
45715
69907
39532
28841
67490
61315
43028
87404
99981
15503
68284
13960
36308
14961
13857
74101
50176
98023
73624
97734
31037
38424
7978
38516
93689
75045
11421
46742
40839
30158
5799
5182
36575
48292
71584
52199
64183
43095
771
37095
41669
90858
81138
48117
96510
41405
70413
52422
84633
38873
3588
49354
55986
14595
53304
94245
48887
82656
76005
11917
97058
86993
39399
91568
68601
76974
7345
98256
90624
71073
24315
5880
53511
72026
14061
64530
69132
55545
46439
58870
78275
37421
61664
58262
72213
72961
84436
30962
95673
58689
47938
82775
50717
58530
23658
68350
64223
49718
46517
40401
65166
26077
71338
84482
29835
76818
49609
49271
37334
79967
22793
59619
92950
18375
27079
37350
84645
8348
7786
96982
9611
77416
78668
16733
40523
86413
66223
33399
44676
1453
67459
33736
56669
59203
71654
57357
83881
67581
7486
64869
28023
85588
71489
166
75751
39274
9100
22964
43044
23690
60606
35620
4906
26318
66073
73864
85087
7065
23297
61390
46586
49684
91304
83424
24116
16438
89473
37142
35610
18173
28767
74042
27889
28188
86823
43128
27082
59247
22539
25769
32749
43379
41604
40092
74671
78981
17502
4803
32523
16639
27243
98503
16102
1823
36012
15483
34384
75360
49943
10997
83592
33015
66741
58553
55331
82513
21945
53416
69638
59651
49885
16818
32876
551
30721
78191
50121
12926
91483
61651
85336
21223
56738
94855
12167
5340
383
69035
12250
55331
2659
22247
29111
48636
712
71877
24321
17813
20647
71759
57264
40241
91475
24306
92059
12448
26732
35193
16929
34980
49992
42064
39001
87852
94279
39109
76570
14463
25001
7243
10156
13452
42810
98639
41547
93675
33417
59924
63890
81823
36269
34028
1451
47241
45366
96923
57858
11746
43894
98429
24683
86981
8801
21142
71822
81092
67010
37307
84971
80730
30182
61451
18199
67399
94026
79220
99139
60392
46253
6186
14040
39021
10599
14532
3758
15047
63688
5310
28068
22932
64357
37364
24992
28996
78897
76275
62139
57862
67766
9800
29361
66478
5465
53218
45765
67382
14592
13139
85066
21
21421
41533
52983
81303
28539
18642
386
48906
96104
79145
57208
28010
77583
15606
21842
24879
76782
2597
49266
40839
23015
68872
43424
71533
32326
52073
57831
60074
58317
23102
23226
13000
65272
65039
89848
83889
53429
3044
87357
69189
42546
69827
30910
4684
67004
76698
34125
85777
1414
59936
56964
12351
86212
9472
11117
78706
8870
33351
8771
16857
35772
14585
76907
44884
18315
48845
79097
80942
692
13383
60269
3027
7147
44829
67250
63040
2734
28018
57823
46737
74083
18743
6565
39118
73364
55693
54530
17083
28179
43325
97754
23243
14132
2110
48225
80656
26896
76423
53170
81684
88811
38806
73720
98468
95818
97374
88375
24960
67075
57492
92648
68082
64501
7044
78333
33511
51965
688
36646
50269
10463
51692
21923
31599
55658
54553
88839
98380
51153
64279
7739
85999
84667
26344
37089
95846
21037
14153
55243
80256
23053
9386
97717
76151
8454
29812
1906
8358
35674
93936
19037
37228
67459
43379
87722
87428
81099
92793
65228
6161
9895
19311
42699
57750
32416
40730
65346
83183
72951
88376
62613
43907
40468
89147
42632
17678
60384
21679
96144
76083
36088
57324
80835
23693
23200
84271
10327
29528
85417
2565
71794
57472
34207
37382
32455
84120
23305
6228
60111
85053
84343
29753
8696
54390
4102
77181
89977
57536
51669
88984
62810
95195
39684
46658
22187
81643
74615
9401
15539
35603
82753
22911
94905
74150
72175
32438
61379
79734
24166
14923
96184
47128
46540
33511
31160
31628
83459
36636
11382
23589
98980
18911
67977
47761
8750
56595
63249
23338
28392
27966
38456
86615
53570
91988
74949
40025
23070
27436
22889
65152
60969
57215
98039
54589
75178
99547
99424
79994
54957
49053
75904
27181
34630
58257
52184
37142
23849
74154
81300
47078
4954
40432
45528
81578
38705
98610
56332
59994
12453
81605
1000
45918
49512
40661
82267
20147
51463
85563
13026
18590
76812
7250
44130
60330
15412
8112
47510
60386
94670
49004
60839
19912
77612
77914
37532
85650
35180
10443
81242
20126
12356
56190
63733
16849
10805
68919
78991
59172
22525
85572
15609
23080
38874
55448
29215
14140
25951
20155
50196
42051
19996
85766
15173
83486
36298
47885
61863
53037
74231
63530
92178
32019
25023
84329
66274
33025
8738
56546
45706
13075
23054
57762
66869
30960
5615
57399
80951
27824
8802
37735
91804
57061
58033
93851
64835
43668
49770
55040
32269
32968
65713
71576
74976
23951
78172
86239
58358
21196
16545
88520
74448
74409
76384
45055
99606
20302
5439
69847
10153
46497
90785
92612
91445
47831
36586
40989
4597
84292
63203
39676
79143
41109
10573
90563
38261
53506
99634
95425
66586
1571
7472
92039
38972
98507
55689
97811
25031
40018
97780
74970
22700
49389
43236
81964
13069
1860
21449
27332
79896
82062
79965
20540
88756
77184
18927
44209
96328
54165
31583
59878
81154
32705
7130
7790
29454
81141
38737
86645
14575
61222
27312
87737
73223
93588
61478
57436
46548
1481
57130
13669
55672
60550
69846
52188
56716
80874
97357
13197
18862
33627
13459
84169
34537
34363
9648
43032
89977
16880
59160
47841
30970
79798
31760
28281
75983
23502
67849
76711
81364
5641
3639
2963
54765
14342
53760
784
14290
49914
85472
83373
41551
57891
83564
62447
86873
66975
39184
4642
90085
60237
56805
27330
7865
13782
563
24036
3597
62971
40299
80881
24704
8593
96809
23239
27674
76870
21359
42055
76937
48267
48045
25382
43096
47410
34459
44292
22726
19767
56878
41597
36372
38826
10216
91384
42797
20518
45471
19811
20467
83798
44036
22377
54588
22252
21382
60245
20253
53623
46796
20154
50667
37345
19311
59175
51151
71513
40419
38740
24789
10560
63555
74329
92433
61409
98060
95942
21341
46332
45416
99922
4697
36207
29822
61776
73709
57568
3268
60056
87589
13575
71759
7286
52714
57144
83503
39339
73053
4619
72428
85470
47302
39429
22455
30690
71723
79400
69929
59989
40658
1637
67880
50981
27398
50297
21019
50300
66755
31851
50966
48058
89728
22393
27392
62516
1545
42962
7536
20458
74019
18587
40836
87795
81037
52018
44189
67751
1565
55453
58257
39508
505
16056
33824
49023
21960
57481
84862
61671
93978
2969
14726
21283
3606
18882
28544
82665
57016
57358
65409
43188
37949
19748
90058
9565
35260
68796
71354
77567
55225
57215
86395
74974
20858
12777
69513
90271
23573
65750
25163
73454
28266
46436
64409
66742
20358
65465
69802
74275
90818
95193
48592
3481
13261
57065
20407
49450
49664
48944
97701
75665
15951
111
20385
95780
22772
17784
56928
27825
39389
53037
31103
74270
67415
11258
73540
11059
96079
44896
37902
56994
51986
74258
12725
99818
75966
71606
20233
12184
46989
74511
33912
27063
68951
39853
90341
26564
82011
87735
25769
2929
67177
89794
95251
65271
53743
71527
14600
33239
77726
20640
35061
24379
6203
35457
69727
46139
44041
18390
70785
27636
94363
82477
30451
59492
2980
23401
97210
90917
12942
60468
87364
69760
38251
87642
40782
58050
91967
39754
24960
71580
16050
65861
39079
42211
57750
48947
35995
81943
51794
80659
51903
452
80179
83852
46644
33948
18059
82449
86843
48432
28828
94541
15113
23115
13915
99628
97290
588
11297
83474
74280
28319
41863
71032
52136
73958
32409
4025
79675
18771
99146
22957
6558
88159
41037
87537
94142
11589
66785
83238
72435
93685
37775
83400
92960
87391
65708
72544
15428
34175
16309
9592
88817
15840
45347
81658
38108
55765
81226
48049
78658
96072
80173
95008
82710
42488
98403
37612
86413
80950
13114
86070
19017
55629
85629
30325
66268
64148
60318
46393
15905
47342
27350
73419
17585
75681
60022
15015
73020
11035
50477
39515
89135
38098
59785
88533
89802
77230
5106
14531
46320
36137
1661
81953
6600
30716
4744
85424
90170
41482
46005
78034
95668
5336
82101
26637
12085
92754
2071
71389
7212
63603
55215
5898
75216
55473
28826
8212
78338
75533
52491
58140
73899
94551
66839
21516
30980
53771
10414
5764
96584
11141
43113
42656
12524
73860
93477
1724
70168
56888
95118
56079
10133
24126
61337
40057
47078
38457
25415
44929
35154
11669
86880
75058
63454
62171
52158
72375
5422
59247
8264
19299
56706
75352
76079
7730
98423
7544
25042
67434
29623
70884
93163
77657
12928
92536
12953
8159
7472
75844
45855
90296
54051
35873
69004
77915
83699
67322
90147
99679
47679
49058
60672
24765
17150
21826
52109
68911
13060
22123
49226
55532
47917
73301
17403
6933
50363
71286
5127
97171
25548
84758
51448
47630
30999
14707
28694
17176
13778
24268
5665
2557
4791
73546
55987
11745
78757
77910
44724
26093
80883
39298
18966
89429
70963
40302
74949
2842
48959
12288
64978
9812
27713
17134
88130
67010
71120
69873
73295
1597
8870
86124
30643
482
79732
83715
95171
64169
89729
62202
23658
73038
94572
61664
28325
65555
81348
88229
23586
11211
21446
58572
26563
56227
43400
79958
53915
79997
39516
72979
28319
50202
63793
17649
17482
76892
85782
27428
20672
33599
35068
92813
46755
78843
9060
5079
74393
32057
75653
86553
94548
64142
53867
98292
59426
365
23801
72555
22982
25148
93873
92383
24577
22950
92347
14363
64497
99854
86981
10831
81644
46326
83790
88540
9081
93919
63898
34242
79207
48673
1554
57434
78876
13874
17242
37756
87162
44504
74436
24569
4033
19528
63035
12917
63331
82077
97603
63888
46782
48217
35486
99614
18800
22129
24256
71891
72064
95450
20047
84441
95978
19184
34923
561
71018
74616
1015
5185
56976
44149
98756
11149
57673
19275
20376
69936
60294
71316
45848
43707
723
19524
35186
28533
84688
6648
18227
84472
77783
30440
94269
60607
35612
89878
24046
30031
72844
33187
64426
67405
77266
4391
95492
64531
4715
28014
78157
63153
65994
84408
62209
47114
88685
57572
91254
91081
16856
78442
26908
64612
1287
90817
14844
23225
87025
49082
39471
66486
24568
94763
77250
1101
91172
8997
34784
72536
21509
62735
95982
47452
79687
39079
78501
60619
23332
51999
4870
96707
40580
73228
20389
57968
50588
67618
53131
53468
49283
53028
28972
58432
83867
33053
78442
56815
64689
86441
8097
21665
24884
66891
12367
56887
4078
6582
17368
81654
78364
21518
24496
22381
12530
88285
83203
54714
95057
13013
54245
78480
68245
85681
40741
47902
75969
74781
72636
5637
89815
41503
68282
99457
83789
69802
45498
81613
95618
87724
37102
76995
19035
16854
4262
29070
23132
2385
92887
86464
85000
10409
94529
19387
41258
67492
15986
84006
25318
50335
63753
35291
84624
94292
49591
69398
48734
51480
55216
43417
71778
90381
84829
91257
16110
62111
63806
64443
56420
76574
72243
81699
2320
3593
7229
73042
70523
82407
59036
54537
83106
22045
35550
29857
33691
33795
75932
37986
98394
98537
86210
19342
58895
86320
84212
83299
30453
88918
47369
15044
88507
41664
70035
73001
90425
87088
67192
65751
8503
24771
28907
64406
20448
33688
16909
37508
31179
99930
69879
13203
91089
48264
53897
66652
97613
39895
24532
9092
86966
32082
50004
6815
72071
3710
94597
96650
29928
34025
71043
50072
34151
72264
36006
8641
2526
55274
97076
4054
96332
77615
99644
72971
82991
67099
90147
6961
77064
16679
3383
83025
74365
36477
56784
85685
42033
49882
65636
81232
128
58289
75004
51040
97435
68812
14313
93441
91071
35291
97713
36284
66887
63051
57604
14770
18696
88021
37151
35587
94552
39512
78061
41408
23583
12038
86044
8925
53009
18804
38840
35182
53487
84622
78386
39532
71882
77894
54875
12677
67965
9670
26472
46608
48069
173
50870
61486
36325
33372
96685
97115
78421
82634
99607
33313
90896
19361
30869
18816
58994
23895
2096
59858
37285
63227
13383
42437
44433
34140
416
57202
63562
20962
2177
4766
60836
3275
53307
47824
72266
76763
74559
23582
13346
65857
55429
1094
91374
46053
98989
63770
96736
98614
21155
44450
38
72384
46859
97192
6381
5071
96452
88662
30338
43385
25184
33922
80959
76836
19862
78852
97789
97030
31353
45494
27766
83188
60660
23159
57350
66459
33563
30789
78948
98280
18042
83222
56588
97449
10537
98735
39206
63621
66615
42601
11691
23617
87110
52225
37129
14379
51500
30259
18433
97540
45628
97823
87439
12706
24786
58608
61167
26385
73773
30343
1069
97615
34094
22328
17523
40172
66890
7525
37251
85514
49166
99119
8436
65225
1997
70636
84822
78585
59801
937
37750
3032
43344
59985
19215
94450
37872
37890
43013
2430
16142
48349
8669
62777
17007
94552
48448
85211
80716
56166
36785
6777
82360
878
56075
40296
2187
32062
89652
10285
74527
20390
6317
43587
37516
39152
79026
31784
41236
40408
78854
42482
51965
16313
6775
51773
73587
73653
58690
83909
66441
78603
75890
38107
25727
86090
64633
53319
92603
32983
23744
35854
74841
61363
11332
41552
75417
47952
85681
31439
54327
23886
65074
18867
2745
43373
34335
64728
15198
71398
91948
14911
20654
59147
57806
75531
97664
24857
50679
28374
72953
79397
40853
94238
95297
72952
46879
33385
73305
83901
38651
9655
49951
22445
39370
29701
61356
85883
2528
11847
97270
34472
1731
11675
69622
70139
81020
30690
88936
61489
87598
21870
69184
27952
70450
27380
10521
47629
41371
62926
60296
53784
94546
39030
32686
94676
80940
25443
23820
88045
59133
53389
97637
17623
17240
66034
6777
3196
15349
28676
3787
40480
86439
81937
85256
14089
9893
94029
72206
96272
37415
91755
17115
66050
77654
15810
1877
62272
1137
61891
86337
91038
38929
48157
92037
53998
26555
26869
99979
10910
14150
73496
26444
32535
60479
61408
42819
88198
35720
78393
28953
72062
52995
61528
88010
17274
44344
75026
92218
43721
17476
75113
73164
29493
52452
22953
9465
52378
3707
62602
68217
39885
8327
89706
5821
71526
65
6074
34853
66631
16925
47969
8621
72297
72180
45351
48596
79930
61151
16809
63817
30141
47707
15588
37994
99074
64562
49664
83699
67820
37903
54919
82703
95054
61894
55550
39676
4638
34549
14882
64273
26958
80328
25935
44427
95632
5282
22620
87411
61439
82972
27576
90123
91093
20754
2015
10935
86579
24130
54757
25414
52301
69195
14967
79016
48426
85873
52808
34937
20074
34137
4845
33677
70188
13525
16792
6200
65949
55911
41443
49444
20524
15978
92986
73708
86546
79120
31369
57693
56420
245
79831
81925
5442
64790
57777
9321
21702
1711
11529
16998
45129
8004
99440
13908
64874
83047
16715
9845
45966
3428
9671
73277
89529
17948
81249
36026
59260
82473
42326
92609
90799
71005
85400
77300
17655
84601
81177
39201
89854
81676
35071
54922
96796
23164
93629
33055
51557
99995
93658
27279
84025
7861
34448
22402
87654
5864
74338
75731
39541
55059
58729
18660
63948
74124
98585
46794
11904
49976
25599
82599
81472
73538
16810
31839
37555
74696
96318
44790
85240
16959
9857
90522
88429
32031
7826
70605
55582
18669
19755
84453
12613
21540
33415
77088
46162
25631
95797
9784
11706
56224
51471
82245
27391
45761
80117
63172
55132
21623
14706
99585
78845
19059
12261
60140
12504
96556
24164
14222
22578
26194
40837
82432
19028
75995
24216
8228
28989
95548
91270
67352
45688
72389
13125
41062
36151
53610
56070
83410
23390
10416
85968
63310
72508
94387
51314
42341
65610
95634
55949
57574
73125
71375
1571
60110
33728
46519
7207
1871
36599
70556
61540
2401
34729
59438
35243
73963
46835
24269
38076
97637
65577
28288
23103
56619
23849
7635
73281
45207
84924
22755
91722
8876
77062
70907
30822
17899
37519
37475
43387
52646
15830
61033
83973
79823
99867
34291
70744
66360
75689
54488
33728
24675
29689
65516
84258
32528
46619
86825
96040
31903
50999
36756
10276
85421
97921
14816
39477
83168
87035
13925
7308
51683
90809
65688
97959
80781
36395
58001
61402
68425
44648
24000
99785
75725
58907
62800
80147
45016
26157
50096
43422
43799
33433
54179
80296
79479
72389
44369
43782
93134
32535
62735
69508
38180
99650
33477
41629
38829
61
95615
9713
51062
51339
3018
55508
1007
31752
86789
25284
93258
35154
47089
42869
87388
83244
66556
23207
6434
27012
87756
39570
85688
73551
68540
30732
15393
29656
34231
71766
13067
36454
53238
261
70507
29744
33745
42251
95727
3155
65944
4607
42064
40762
98661
11637
50280
18123
44614
28652
32063
37270
52754
12781
64413
20689
59988
55580
64038
42990
87421
7916
66270
94652
69421
98311
76621
60624
60994
49284
84251
56066
39085
66105
65981
28985
66093
965
56352
44812
92928
31297
2401
8842
37433
33093
28228
41579
77720
39846
53094
46342
10002
23153
88259
30272
45990
21634
56579
37730
7152
56464
62048
68711
66687
98216
54599
13734
16838
55382
15669
98203
92772
27180
47862
99971
74760
56479
31132
74477
43540
75787
72676
81052
36005
78640
55036
93073
18292
62788
96331
85252
76181
3742
34758
91865
5359
71590
3057
53192
77204
5154
11571
71194
80252
92593
87776
57157
87008
35491
52464
98313
96680
24845
82892
79379
46309
62659
18374
18094
91265
42978
71959
94422
64282
79196
94890
31710
61067
70963
47685
66777
32646
32649
11373
2315
43686
82800
1260
66870
63075
46067
53336
24151
5986
31451
659
41624
31214
5326
50983
43044
77674
2328
14533
2536
34119
37757
56848
21141
62372
82891
93223
18842
59936
79606
21848
48869
6777
61972
27281
5045
85066
34927
53138
40999
68697
23969
95657
12249
36219
22653
17877
91079
46310
47286
41840
94646
56899
53278
67939
39386
60616
95454
52586
67360
48988
32717
93143
96976
1807
18396
69596
91539
30021
35575
28578
84536
38691
21944
40068
27870
54142
18061
76245
49881
87905
93018
48365
52942
39437
71818
71969
39665
97497
87817
24318
56463
3050
15000
29863
69176
27206
5826
51068
46537
84301
90265
67069
64794
83176
11187
20617
60970
63454
90995
9920
5868
27168
35030
59553
11867
32650
90746
75292
30609
85461
29416
753
21456
72802
26437
26982
37608
72779
40034
97376
55307
89233
29414
48470
80340
73818
7115
64354
54704
75656
92200
64992
96171
26239
13978
61890
78420
80639
98660
88757
69392
1048
48095
78584
17685
58953
63251
58246
11860
39878
3088
93961
79126
13767
30695
87644
90920
9024
16367
26816
88617
72037
74036
58382
83681
89429
56217
70489
30276
12915
76114
87932
89145
60906
90844
67735
74968
29329
25802
56352
67487
55023
11543
33148
49225
53131
22432
28748
12460
25896
80640
78910
64806
53659
96921
50170
26495
7093
56937
27009
33164
7489
42581
32770
23034
89943
26360
17146
89947
55031
63080
68964
68858
53577
98831
66765
7090
46126
60768
2266
55818
90984
37943
40801
29528
4152
6406
65360
15199
17481
9302
45409
84359
79069
95811
23663
99039
43883
59948
99916
36430
78626
66958
38672
48743
15446
10505
23861
8729
74197
50823
55855
54768
44314
24748
6198
26980
67900
2650
81268
38193
56585
79559
28256
58365
58742
83975
31025
84058
90877
99110
55515
92447
51300
28886
54453
52867
53607
9578
52592
3388
96913
50211
76782
20078
60168
32168
56184
95625
20544
29671
38891
42257
29897
83782
18027
3865
75266
30841
85257
42432
53547
38595
31131
31406
62026
45685
45315
34998
94636
30090
33631
38361
20210
81164
88636
64373
2418
99840
45676
68599
31753
68712
60759
15805
48854
89154
55101
77649
81818
69348
93410
52191
61504
63245
4228
84927
74154
42077
93951
1991
10623
35195
46603
82393
61300
48643
34479
18015
58044
85288
58737
37729
23302
8998
2424
15046
20687
6725
57833
26742
24860
17771
49078
69232
45184
18821
12270
99376
35225
63050
74020
75912
87981
12938
54756
55589
15993
61537
84529
51780
32264
82524
21711
16508
51903
86425
69422
62495
50036
8879
24108
57056
47729
52175
38575
94973
79288
78286
54293
8025
71327
16460
25932
70259
19063
63134
75720
46358
34803
39315
75681
67314
13917
45137
12171
43602
38014
11390
20127
99657
80756
23778
4071
21009
25410
55976
8055
79205
22855
45143
94007
99028
97824
7324
65547
15820
9441
76575
36542
24656
2580
35507
47114
47226
86277
31217
63149
95616
31222
11931
77653
47862
94053
30475
37986
52810
522
26415
54300
26917
76341
80445
10019
75910
34216
11275
15590
41203
62844
3923
6338
53482
18134
96926
54277
5658
49640
70219
86994
65805
56758
88810
46893
9268
21016
41410
84818
78330
79561
85080
24108
59592
79876
18809
62383
90795
94448
54650
56900
22069
74171
64868
80842
7256
35763
97032
84354
89760
16484
59046
58250
60298
98100
6505
99242
41054
9500
18105
26152
80902
46352
56643
68628
86896
48122
30591
13905
97652
25444
66471
18917
5054
77034
27535
26353
70422
45162
77950
60602
7301
99774
26031
3741
7148
89240
69920
52987
65255
18728
72813
26203
93264
20754
40970
1277
66613
14627
47254
30847
19240
37079
23408
71975
69030
29067
39413
4442
65811
2274
58700
27818
42790
42927
97467
82116
39573
20989
77416
41544
72895
22558
27160
69406
16035
30786
12420
40545
47394
72667
17041
35419
53825
59403
95478
68295
67044
64772
38994
39873
98394
51135
83101
27679
87479
64596
2419
76474
7479
58352
31948
29495
51263
34995
74339
69816
82634
89437
98620
9883
24550
94838
71845
27975
9074
64350
31645
41617
39234
41392
99076
46937
10758
40737
53675
79549
91383
98875
85535
23240
39180
26783
30606
55266
85839
66793
54655
48447
12408
28983
99837
64817
8819
14159
76061
56675
50274
81570
99558
28420
40500
5542
52969
30818
74377
4463
57016
1787
10891
83171
33083
98356
71541
65332
15586
11381
75576
49619
22455
50919
37732
33018
21688
48366
864
83642
87187
68224
8813
89916
17543
12494
44587
17598
5672
78323
75435
22297
15501
90761
75449
27075
8459
27132
98912
70491
49388
58263
22729
15619
23662
74898
10104
35450
90295
4934
23900
27375
82345
85196
12267
18746
89996
10138
21735
97124
43890
35729
16967
18146
35558
38886
81897
75776
11989
29354
30178
73589
33819
78384
27098
97759
2875
92524
58758
85675
51386
23361
94052
87694
57233
88276
46434
56530
43830
69900
61438
57798
53375
78724
47076
8904
13865
47507
41483
78330
70833
61814
52526
83243
82499
9399
84624
92852
38078
59303
58105
67267
93866
52419
86840
10496
63167
59466
791
36534
52491
86425
68771
93605
81076
54914
21831
19926
61188
98075
1385
20959
93380
93939
24093
13008
53730
32088
18501
61520
73347
98266
8334
86810
57626
27970
17460
39937
59327
52710
39047
61239
10697
84288
53647
62483
7667
68894
21834
74284
54589
88003
33932
6990
98664
91425
60539
66610
48321
62757
45116
62248
7608
81355
89463
13076
76200
96824
11113
60815
57445
94411
14110
90455
26953
41407
47757
38258
98514
22905
19006
59997
76242
59224
9546
90400
12860
10130
70156
16604
91087
25888
93960
44616
5532
4036
65573
97563
57640
11625
51146
90174
16394
53521
7546
25694
9949
13122
56978
29941
21052
91796
27447
53717
1559
9787
75507
79409
2359
79856
45259
51460
90476
18874
18753
45480
80998
21069
69398
36466
68454
74756
89888
26802
91050
51108
45908
75277
79038
58097
50435
22229
11675
32106
30462
80480
57413
21224
81188
39357
1421
9643
76246
41801
97540
19797
82719
48421
81183
62745
84223
82959
425
94043
39356
9390
9255
99763
34123
22263
83605
30589
17803
66553
93854
93206
88718
63987
55929
92657
97079
41451
61425
44458
77451
64450
48143
65665
34270
28354
42918
21665
48888
6887
16890
60988
60409
54233
34920
75686
72478
79699
6740
69733
79215
97461
63851
97147
35926
4215
99931
8644
4956
94715
19149
41246
98895
53630
9137
23510
68557
76029
17694
91502
1041
511
8559
79161
51668
26586
17567
59321
54023
78204
49045
31389
37710
34970
14129
33890
87177
59701
63604
30275
84944
39666
58387
1745
27227
54987
73943
38442
98911
88915
17844
74057
56009
95833
57884
19829
18888
53406
19220
20510
55111
2775
32217
95639
47046
82189
59258
50357
76703
82595
25258
81602
7257
50240
84127
23744
64987
10453
37051
42834
75030
9715
97283
44559
78316
34416
39432
99914
25075
62852
21800
57130
35451
30045
33352
13386
48203
36857
3072
21755
44478
18378
87013
2599
90274
25722
23908
33791
98775
78340
30139
67235
46563
3741
34673
29826
19119
87008
49609
34910
39517
50527
96512
89027
68739
39084
91526
33546
34507
95527
89703
29273
55620
18261
93542
46815
72757
10826
32029
81430
76385
86535
68025
34491
29693
94979
90658
37732
73486
1338
46480
44959
79877
30262
65853
27289
98191
88278
25997
49398
16490
73106
10138
8907
83513
97108
59523
91626
14011
64409
79142
13184
63474
96814
83444
17024
85951
78311
45262
49042
60539
492
33621
43172
56752
74136
6438
60801
78136
16948
10879
68632
33985
24604
45224
98459
99596
29998
13489
94540
50998
2689
7835
2356
96268
54566
2347
68364
56924
79732
49610
98165
81596
37561
54657
77511
15716
53226
69987
52787
6880
76856
48176
555
47587
94011
93893
59411
69511
27354
62830
29120
5898
85100
1766
34198
41850
89374
89600
64181
12698
76949
26414
93702
92110
72477
17381
6228
25944
82647
6251
11152
21302
89035
22956
31597
43515
66306
12277
44185
25461
67740
35320
81649
50986
79608
49860
43268
47491
35731
24105
40184
71461
4828
55265
28031
45168
4988
1605
74293
65333
14636
10644
84328
17596
88739
98006
95781
30081
41323
15525
81216
81912
6139
51820
25555
18622
25690
10644
43627
7820
76722
33426
66583
86164
71270
26695
61210
80050
7130
77707
18997
10113
88101
87213
25853
3850
81763
1140
67483
45527
90058
99087
21462
6463
17776
16026
75918
10787
37603
25109
36648
24410
9749
94732
65120
28257
45855
86518
96008
59
26096
76980
18231
48692
81192
6657
58444
10134
45910
95553
84388
48109
41689
37595
44959
10568
88456
65568
32286
57011
60029
17836
39346
84491
13037
15969
65095
19926
68464
38166
2036
3891
53069
6901
150
751
39206
50090
67605
43717
25176
60046
62523
64879
146
73999
66603
70733
90391
29421
83314
20003
19319
34264
46095
88588
73112
64688
38472
19620
11760
47341
29853
98018
37446
6783
89849
28399
92075
77482
22976
23224
5597
87763
3563
36220
68912
27392
6748
27597
79494
2131
96008
3638
53564
38016
93183
27639
4903
53609
37645
43721
14595
58922
40742
22230
21036
56248
65235
49966
16151
65920
97723
51213
11474
90006
50004
80869
38058
25350
98194
99456
17451
23893
43126
28122
59707
78589
26984
80454
20866
14427
20293
12354
59335
68081
33584
2027
49496
12448
20591
45987
98035
5402
6517
40516
97623
81575
15525
92464
44795
11169
24858
92706
31124
14842
30749
59501
1768
69485
30090
96917
32411
77192
47444
76201
60928
40613
31766
46609
75719
70070
96690
69765
81847
34826
12698
86695
35256
3023
46481
40152
64422
35803
49433
79349
62002
70536
35842
15234
84372
24981
80103
78138
24518
39542
10652
51562
54759
58797
76549
67342
73823
65818
70644
7326
16276
37994
70363
4423
69048
22045
58902
59429
9768
40930
8150
95058
61532
16761
81629
49958
29922
84354
33493
59392
37486
61254
82344
2880
87949
45407
25774
6246
57710
51088
55025
83309
22097
53144
8571
76418
8608
48144
59413
67257
57709
7951
86351
23469
4458
51342
63082
66789
54191
27137
21259
60071
93831
45688
42076
51073
850
10037
27089
3268
53981
99906
62529
36844
38402
3289
29527
74636
38246
45348
61416
31883
95027
27774
92645
17337
97766
87276
78119
86062
26343
78157
47506
61658
16140
25712
99170
25808
4862
61549
33276
5702
89990
85502
78949
72163
73380
90509
79924
96609
47297
7459
17764
47012
52415
58420
16127
34575
32073
23830
97105
29111
44199
7821
97440
435
39968
58926
53658
58051
25238
44708
56538
14380
66448
77318
24464
83428
31557
38875
1952
8012
68051
25670
57594
83821
35721
11073
54960
24550
82354
29894
5578
98064
77251
94614
88119
6655
11663
81307
9362
84804
45583
97339
25950
23761
86905
18092
24335
27162
38040
11641
47989
8641
84948
23007
419
29936
21410
95680
53840
48190
18039
31461
14091
34623
81348
15740
420
38371
82248
37336
21019
94986
98747
16846
92310
28058
90669
87683
35397
1343
54887
42745
54218
22086
32679
74542
68915
95455
2754
68822
63779
14575
18103
11452
51221
4304
23251
19473
89172
88376
96972
77485
84743
63598
2898
41068
75878
21144
91813
39023
51280
62460
46182
85441
76814
498
64526
14575
6691
58070
40011
10094
82829
23845
19079
4179
77007
64062
53733
14818
46554
7877
89786
13839
46464
43086
21327
37869
15705
69074
15619
3397
71439
45108
98293
32179
90432
1435
28662
3386
94994
22460
95570
87538
68063
60879
16433
50591
9184
67053
15000
51285
40614
23155
91076
54491
5097
8113
75317
5377
46220
77466
15613
959
16641
89928
63991
63661
79461
19752
20275
17095
12211
37549
73988
23405
82738
25165
61391
82561
26418
14473
73161
17209
46687
39388
88513
58966
3279
18909
4654
98027
34569
22484
155
89082
45387
78534
58408
9782
10928
31713
82475
38105
31745
6176
50457
84807
18370
64294
95142
51800
78758
44879
37489
67738
27247
58172
90682
83331
1869
59716
50264
53769
44604
48575
85713
43400
24610
59962
61499
9195
15604
35021
8099
63867
46430
71305
65716
66803
9373
57584
88899
98737
98649
1323
81876
44757
94266
96676
33474
34526
65390
42586
25482
73404
35122
24355
24013
40146
1879
68694
20755
69454
96420
75211
74803
84257
38490
6215
70690
54229
91022
5594
64273
53843
90521
69664
75882
78597
46639
54250
34681
93205
81630
88847
89755
79985
43974
17112
24206
86773
80810
40700
77435
93160
75380
45315
74502
38832
11919
40080
99691
71335
75006
53405
33458
82668
85667
34200
50972
4922
58188
31543
84333
83834
98273
70314
24268
61714
31154
6282
15430
38308
60610
46847
97455
22710
34383
34758
24354
66254
46044
20388
50942
71393
54752
11016
58595
27384
15102
29412
45829
41067
67085
46139
51616
46040
53169
13032
34481
78288
99552
30076
58242
11391
25429
64959
71620
25685
27390
78559
39816
63826
11962
5604
34438
77707
79660
8797
47879
14346
70700
51997
44593
38375
5939
59585
12653
32387
20193
92272
82572
40408
72241
47603
6774
3064
70756
7161
11097
41287
39874
32032
24407
39314
8925
73065
28369
64784
19540
95536
27226
71960
31936
39364
56122
94163
87105
69536
44716
13844
13714
43390
90743
97729
10662
61018
52460
87412
90778
23829
18813
96061
60227
30342
11682
13442
47520
69091
21753
5391
87748
62841
49687
61724
96563
76119
1313
6479
18871
62057
67447
87114
92690
23032
53789
81625
12268
51285
87729
57197
8467
14541
94930
4658
67913
47423
60269
93499
28237
48914
35287
77824
77753
82002
99009
29861
10839
68055
72574
5223
38064
66933
14127
16063
96086
53663
58370
99891
31673
69281
64261
21628
73683
84089
15204
84767
97055
73388
60011
99311
36826
24984
29489
56404
3714
27404
49904
34566
54152
88466
96147
81112
95415
86893
44969
71027
59801
63027
71201
61712
46442
16035
55210
7578
73711
17376
39002
90421
99306
86143
66177
68606
33325
74434
92313
50679
79356
55768
92193
56096
